[gd_scene load_steps=7 format=3 uid="uid://df4uk73qmfihf"]

[ext_resource type="Script" path="res://Content/Outside/Camera/CameraZoom.gd" id="1_bd1yb"]
[ext_resource type="Script" path="res://Content/Outside/Camera/TopCamera.gd" id="1_e6kew"]
[ext_resource type="Texture2D" uid="uid://duvct07xo1lym" path="res://icon.svg" id="3_axjr2"]

[sub_resource type="BoxMesh" id="BoxMesh_5rxfk"]

[sub_resource type="BoxShape3D" id="BoxShape3D_yyv3w"]
size = Vector3(2, 1, 2)

[sub_resource type="CapsuleMesh" id="CapsuleMesh_8g8kp"]

[node name="Outdoor Camera" type="Node3D"]
script = ExtResource("1_e6kew")

[node name="CameraLookAtRay" type="RayCast3D" parent="."]
transform = Transform3D(1, 0, 0, 0, 2.08616e-07, 1, 0, -1, 2.08616e-07, 0, 50, 29.25)
visible = false
target_position = Vector3(0, -25, 0)

[node name="Camera3D" type="Camera3D" parent="."]
unique_name_in_owner = true
transform = Transform3D(1, 0, 0, 0, 0.5, 0.866025, 0, -0.866025, 0.5, 0, 50, 29.25)
script = ExtResource("1_bd1yb")
lowest_height = 0

[node name="MeshInstance3D" type="MeshInstance3D" parent="Camera3D"]
visible = false
mesh = SubResource("BoxMesh_5rxfk")

[node name="CameraRay" type="RayCast3D" parent="Camera3D"]
transform = Transform3D(1, 0, 0, 0, -4.37114e-08, -1, 0, 1, -4.37114e-08, 0, 0, 0)
visible = false
target_position = Vector3(0, -100, 0)

[node name="DownRay" type="RayCast3D" parent="Camera3D"]
transform = Transform3D(1, 0, 0, 0, 0.5, -0.866025, 0, 0.866025, 0.5, 0, 0, 0)
visible = false
target_position = Vector3(0, -250, 0)

[node name="RestrictionRay" type="RayCast3D" parent="Camera3D"]
transform = Transform3D(1, 0, 0, 0, 0.5, -0.866026, 0, 0.866026, 0.5, 0, 0, 0)
target_position = Vector3(0, -10, 0)

[node name="CameraMoveRestrictionArea" type="Area3D" parent="Camera3D"]

[node name="CollisionShape3D" type="CollisionShape3D" parent="Camera3D/CameraMoveRestrictionArea"]
transform = Transform3D(1, 0, 0, 0, 0.5, -0.866026, 0, 0.866026, 0.5, 0, 0.0604744, -0.614147)
shape = SubResource("BoxShape3D_yyv3w")

[node name="RestrictionRayFailsafe" type="RayCast3D" parent="Camera3D"]
transform = Transform3D(1, 0, 0, 0, 0.5, -0.866025, 0, 0.866025, 0.5, 0, 50, 86.6025)
target_position = Vector3(0, -100, 0)
hit_from_inside = true

[node name="TestPillar" type="MeshInstance3D" parent="."]
transform = Transform3D(1, 0, 0, 0, 530.627, 0, 0, 0, 1, 0, 0, 0)
visible = false
mesh = SubResource("CapsuleMesh_8g8kp")
skeleton = NodePath("")

[node name="Decal" type="Decal" parent="."]
transform = Transform3D(1, 0, 0, 0, 0.866026, -0.5, 0, 0.5, 0.866025, 0, 0, 0)
visible = false
size = Vector3(5, 166.276, 5)
texture_albedo = ExtResource("3_axjr2")
normal_fade = 0.504
upper_fade = 1e-05
lower_fade = 1e-05
